{"radius":"6","inertia":"0.93","shuffle_steps":"30","rotation_time":"35","model_matrix":[[0.6965550182777794,-0.01936908661644299,-0.7172419013106367,0],[-0.5359230484914033,0.6506181988305392,-0.5380357287821984,0],[-0.4770718945900432,-0.7591579531521451,-0.4428110314322791,0],[0,0,0,1]],"cube_state":[{"cubie":0,"position":[-1,-1,-1],"rotation":[[1,0,0,0],[0,1,0,0],[0,0,1,0],[0,0,0,1]]},{"cubie":1,"position":[-1,-1,0],"rotation":[[4.622231866529366e-32,1.0000000000000042,-3.95516952522712e-16,0],[1.0000000000000089,3.0814879110195774e-31,-6.938893903907228e-18,0],[-1.457167719820518e-16,-5.204170427930446e-16,-1.000000000000013,0],[0,0,0,1]]},{"cubie":2,"position":[-1,-1,1],"rotation":[[1.0000000000000104,2.7755575615628914e-17,4.0939474033052894e-16,0],[-1.734723475976807e-16,1.0000000000000133,-3.6776137690708483e-16,0],[-2.0122792321331039e-16,6.245004513516506e-17,1.000000000000011,0],[0,0,0,1]]},{"cubie":3,"position":[-1,0,-1],"rotation":[[2.711709361697228e-31,5.967448757360216e-16,1.0000000000000075,0],[-7.147060721024471e-16,-1.0000000000000164,4.649058915617843e-16,0],[1.0000000000000093,-4.926614671774132e-16,2.295708493709585e-31,0],[0,0,0,1]]},{"cubie":4,"position":[-1,0,0],"rotation":[[1,0,0,0],[0,-1.0000000000000062,7.632783294297951e-17,0],[0,-7.632783294297951e-17,-1.0000000000000062,0],[0,0,0,1]]},{"cubie":5,"position":[-1,0,1],"rotation":[[8.628166150854817e-32,-5.412337245047638e-16,-1.0000000000000075,0],[7.147060721024474e-16,-1.0000000000000153,4.649058915617843e-16,0],[-1.0000000000000093,-7.147060721024445e-16,-9.244463733058732e-33,0],[0,0,0,1]]},{"cubie":6,"position":[-1,1,-1],"rotation":[[1.0000000000000095,-3.885780586188048e-16,-2.4286128663675403e-16,0],[5.48172618408671e-16,1.0000000000000133,1.1796119636642328e-16,0],[4.093947403305271e-16,3.677613769070831e-16,1.0000000000000113,0],[0,0,0,1]]},{"cubie":7,"position":[-1,1,0],"rotation":[[8.628166150854817e-32,-1.0000000000000078,5.273559366969494e-16,0],[-1.0000000000000093,-1.8488927466117464e-32,4.371503159461554e-16,0],[-7.147060721024474e-16,-7.147060721024445e-16,-1.0000000000000153,0],[0,0,0,1]]},{"cubie":8,"position":[-1,1,1],"rotation":[[1.0000000000000142,3.122502256758265e-16,-9.367506770274758e-16,0],[-1.0408340855860912e-16,1.0000000000000124,-2.706168622523819e-16,0],[2.914335439641036e-16,2.8449465006019765e-16,1.000000000000013,0],[0,0,0,1]]},{"cubie":9,"position":[0,-1,-1],"rotation":[[-1.000000000000013,7.632783294297983e-17,-7.147060721024445e-16,0],[-5.551115123125783e-16,4.7377876631926e-32,1.0000000000000078,0],[2.42861286636753e-16,1.0000000000000062,1.2942249226282225e-31,0],[0,0,0,1]]},{"cubie":10,"position":[0,-1,0],"rotation":[[1.1796119636642288e-16,0,1.0000000000000016,0],[0,1,0,0],[-1.0000000000000016,0,1.1796119636642288e-16,0],[0,0,0,1]]},{"cubie":11,"position":[0,-1,1],"rotation":[[-1.00000000000001,2.0816681711721747e-17,-7.147060721024445e-16,0],[4.649058915617843e-16,7.43408958533473e-32,-1.0000000000000078,0],[6.938893903907228e-18,-1.000000000000003,6.77927340424307e-32,0],[0,0,0,1]]},{"cubie":12,"position":[0,0,-1],"rotation":[[1.0000000000000058,-6.175615574477433e-16,0,0],[6.175615574477433e-16,1.0000000000000058,0,0],[0,0,1,0],[0,0,0,1]]},{"cubie":13,"position":[0,0,0],"rotation":[[1,0,0,0],[0,1,0,0],[0,0,1,0],[0,0,0,1]]},{"cubie":14,"position":[0,0,1],"rotation":[[-1.0061396160665481e-15,1.0000000000000104,0,0],[-1.0000000000000104,-1.0061396160665481e-15,0,0],[0,0,1,0],[0,0,0,1]]},{"cubie":15,"position":[0,1,-1],"rotation":[[-1.000000000000013,5.204170427930447e-16,9.020562075079397e-16,0],[-1.0269562977782698e-15,1.4791141972893971e-31,-1.000000000000009,0],[-5.204170427930421e-16,-1.0000000000000042,1.4791141972893971e-31,0],[0,0,0,1]]},{"cubie":16,"position":[0,1,0],"rotation":[[1.0000000000000093,0,-7.147060721024445e-16,0],[0,1,0,0],[7.147060721024445e-16,0,1.0000000000000093,0],[0,0,0,1]]},{"cubie":17,"position":[0,1,1],"rotation":[[-1.0000000000000158,-1.0061396160665481e-15,6.175615574477454e-16,0],[1.3183898417423734e-16,1.355854680848614e-31,1.0000000000000058,0],[-6.522560269672795e-16,1.0000000000000104,8.628166150854817e-32,0],[0,0,0,1]]},{"cubie":18,"position":[1,-1,-1],"rotation":[[1.00000000000002,-1.3739009929736312e-15,7.632783294297969e-16,0],[1.394717674685353e-15,1.0000000000000224,5.551115123125816e-16,0],[-7.355227538141662e-16,-7.077671781985395e-16,1.0000000000000153,0],[0,0,0,1]]},{"cubie":19,"position":[1,-1,0],"rotation":[[4.622231866529366e-32,-1.0000000000000078,-6.591949208711867e-16,0],[-1.0000000000000058,-1.8488927466117464e-31,-4.926614671774132e-16,0],[-2.5673907444456745e-16,7.147060721024461e-16,-1.0000000000000135,0],[0,0,0,1]]},{"cubie":20,"position":[1,-1,1],"rotation":[[1.0000000000000104,9.020562075079397e-17,5.481726184086736e-16,0],[-1.734723475976807e-16,1.0000000000000158,4.649058915617856e-16,0],[-2.0122792321331034e-16,-9.367506770274758e-16,1.0000000000000135,0],[0,0,0,1]]},{"cubie":21,"position":[1,0,-1],"rotation":[[2.465190328815662e-32,2.706168622523819e-16,-1.0000000000000075,0],[-8.743006318923146e-16,-1.000000000000018,-4.649058915617843e-16,0],[-1.0000000000000122,7.424616477180734e-16,2.557634966146249e-31,0],[0,0,0,1]]},{"cubie":22,"position":[1,0,0],"rotation":[[1,0,0,0],[0,-1.0000000000000118,-8.396061623727746e-16,0],[0,8.396061623727746e-16,-1.0000000000000118,0],[0,0,0,1]]},{"cubie":23,"position":[1,0,1],"rotation":[[-3.851859888774472e-34,-1.3183898417423734e-16,1.0000000000000075,0],[7.632783294297984e-17,-1.000000000000013,-4.649058915617843e-16,0],[1.0000000000000062,2.42861286636753e-16,1.0245947304140095e-31,0],[0,0,0,1]]},{"cubie":24,"position":[1,1,-1],"rotation":[[1.0000000000000129,-9.020562075079397e-17,-4.440892098500643e-16,0],[5.551115123125783e-16,1.0000000000000158,4.857225732735066e-17,0],[3.747002708109921e-16,-1.3183898417423734e-16,1.0000000000000175,0],[0,0,0,1]]},{"cubie":25,"position":[1,1,0],"rotation":[[2.711709361697228e-31,1.0000000000000078,4.996003610813204e-16,0],[1.0000000000000093,4.683861624749758e-31,-3.885780586188048e-16,0],[-7.147060721024471e-16,7.147060721024445e-16,-1.0000000000000162,0],[0,0,0,1]]},{"cubie":26,"position":[1,1,1],"rotation":[[1.0000000000000142,2.0122792321331054e-16,-4.996003610813204e-16,0],[-1.0408340855860893e-16,1.0000000000000153,7.771561172376096e-16,0],[2.914335439641036e-16,-5.273559366969512e-16,1.0000000000000162,0],[0,0,0,1]]}]}